 7  20  6  5  2  15  9  5  2  12  9  18  9  3  20  20  2  6  4  7  8  19  2  7  12  1  15  12  1  3  14  3  7  4  7  9  6  7  12  11  12  6  3  9  6  17  11  3  19  18  13  20  11  20  6  15  10  9  7  20  6  5  2  15  9  5  2  12  9  18  9  3  20  20  2  6  4  7  8  19  2  7  12  1  15  12  1  3  14  3  7  4  7  9  6  7  12  11  12  6  3  9  6  17  11  3  19  18  13  20  11  20  6  15  10  9 
 9  10  11  11  9  3  11  12  7  5  5  11  11  3  2  13  11  9  10  12  12  3  14  3  2  15  8  9  9  16  17  4  14  9  18  9  3  17  12  7  19  18  9  12  20  8  9  15  1 
 9  10  11  11  9  3  11  12  7  5  5  11  11  3  2  13  11  9  10  12  12  3  14  3  2  15  8  9  9  16  17  4  14  9  18  9  3  17  12  7  19  18  9  12  20  8  9  15  1 

































































































